0.9721710592411508
0.9736775627747184
0.9783929354293229
0.974023387486841
0.9767076845806127
0.955944859276278
0.9801626944484088
0.9832511692579953
0.9804592085979483
0.9816663083868193
0.9678098781900516
0.9839662447257383
0.9783793806786575
0.9827759326484901
0.9834826249920589
0.9856331863879991
0.9827199840645386
0.9838966784866131
0.9688767804791376
0.9776817854571634
0.9842846366607996
0.9815163509203396
0.9813431312512757
0.9850062306548217
0.9625062100002922
0.9762572591158692
0.9798467543732832
0.9780135915979212
0.9824412347776834
0.977789406360835
0.9716712861308088
0.983381943973411
0.9797029859725784
0.9655753100812849
0.9825129802699897
0.9666428826257583
0.9795508647144864
0.9846675512310189
0.9816899175649969
0.9844126736170068
0.9779430236647743
0.9837821297429621
0.9668590168069877
0.9786284972191639
0.9846318911925273
0.9765003098336432
0.9815956878550964
0.9852927341716581
0.982101115340947
0.9795973274741043
0.984961190168176
0.9752018661403192
0.9834301906728784
0.98154160096466
0.9673790106553961
0.9812522975125598
0.9814568736409761
0.9723947550034505
0.9820515868299061
0.9829384957252081
0.9709074845386848
0.9839214509282682
0.9783482432257229
0.9823419087724264
0.9868968706644058
0.9851102414813401
0.983957219251337
0.9847112117780294
0.9829149232914923
0.9804794878040293
0.984297945723535
0.9648361117555431
0.976770538243626
0.9834293309703145
0.985234215885947
0.9789966905861923
0.9767012213897157
0.9852319212369133
0.9602902412063151
0.9807794327688227
0.9618403247631935
0.9827892572472966
0.9850036576444768
0.9790822986043709
0.9697954271961492
0.9853849399670106
0.9851556535753669
0.9795420344084272
0.9771694991728079
0.9837251356238698
0.9852050755541516
0.9766301211771495
0.9828095155408926
0.9846122628428422
0.9822205306655069
0.9755855744206221
0.9804618117229129
0.9850275169957916
0.9819870388324743
0.9819569950195343
