0.9688915509302587
0.9807848344028915
0.9770939149487103
0.9712748552730934
0.9746887259082381
0.9462715841826906
0.9791435344956937
0.9835321899080288
0.9796422858804711
0.9812770494888039
0.9626080574131463
0.9848390230363586
0.976950144308702
0.9850240085960847
0.9837337337337337
0.9865210664127588
0.9836936090225564
0.985122178473746
0.9642431871534038
0.9830803342998465
0.9853544229642648
0.9812753036437247
0.9850477686166732
0.9864027413240012
0.9558058626984947
0.9744309721335886
0.9792021006773491
0.9771870286576169
0.9825263513894369
0.9763445521255845
0.9682955323691738
0.9839764551994767
0.9792139568065374
0.9599924727135868
0.9858610961848469
0.9609766277128547
0.9786941580756013
0.9864930679567518
0.9812910018628007
0.9859701675021396
0.9827863388620947
0.9865322717262409
0.9618622541548734
0.9771015457212862
0.9852388457807953
0.982005329050626
0.9811985316003572
0.9863404689092763
0.9818329718004338
0.9837290802460306
0.9858301908353331
0.9723876123876124
0.9852853365179561
0.9809951294050234
0.9616286804607359
0.9809967396367024
0.9817896016846102
0.9803184198502795
0.9818013819701109
0.9834774045300361
0.9674515479930808
0.9843266739112263
0.9764035418236624
0.9825310694906354
0.9878467257649414
0.9857755083432115
0.9868867432150313
0.9864695565021298
0.9831697054698457
0.9797062653740414
0.9851497896935535
0.9592236740968486
0.9822715479965408
0.9841650671785028
0.9869906542056075
0.9778208366492509
0.9823689320388349
0.9862496368742132
0.9523534213032241
0.9802953604150106
0.9543393782383419
0.9831309713375797
0.9869122482203849
0.9778753230202839
0.9655278969957082
0.9863538681948424
0.9866289731051344
0.9785893670455029
0.9758679893170545
0.984412783478204
0.9861930031446541
0.9823028184400262
0.983322102425876
0.9861550632911392
0.9821252869793375
0.9734870575568615
0.984654122290653
0.9861438789649103
0.9854558938651065
0.9815408085430969
